117 117 117 117 117 119 88 69 118 117 117 117
120 120 120 120 120 106 0 0 101 120 120 120
120 120 120 120 120 61 0 0 97 120 120 120
120 120 120 120 120 115 1 0 100 120 120 120
120 119 97 105 110 72 2 0 44 117 120 120
120 119 39 0 1 0 0 0 4 115 120 120
120 120 79 64 89 60 0 0 26 120 120 120
120 120 120 120 120 82 0 0 41 120 120 120
120 120 120 120 120 78 0 0 72 120 120 120
120 120 120 120 120 101 0 0 80 120 120 120
120 120 120 120 120 86 0 0 83 120 120 120
117 117 117 117 118 61 0 0 69 118 117 117
